1173085
284767
1906055
188695
1510224
1340531
624692
1506395
1433118
443015
151361
1295224
1617154
1914085
561009
412847
2077108
1326895
1276940
432308
492985
1287037
1867728
51123
1077617
1987566
85908
1822123
1867592
1867624
637790
650840
2282425
1115499
1486859
1550033
220749
1571491
1510744
2127056
1466956
511108
1086088
1093701
249635
1514840
1327786
483918
1681092
410372
908960
748488
1840599
907381
250176
1301091
1030321
942806
515959
1467948
1822444
1837786
552311
1515493
441484
934004
1992
1191156
1653963
644614
2135766
1467605
1427399
674500
1156402
1027773
1132748
475838
1171852
483710
1449273
929324
1007146
2218196
1849375
311234
1174282
215008
2506761
1333718
1945923
345159
1607150
1435809
1850869
87597
1660139
1637821
1542425
70260
1434829
1909642
552858
270345
944020
650834
220847
573565
2267227
1395126
876354
1055104
519800
486907
1528225
1115599
596083
81031
1970312
433995
169283
749889
195910
1578279
1194913
222578
433959
746718
478465
133803
931011
1700086
1796709
1274364
2074844
1665066
1704771
1813386
1676410
475854
2126444
104235
1354092
1523374
1705695
1758573
1051539
1702008
1096123
709289
684919
1358777
1440295
1563139
492758
1690504
305138
1690159
1653269
1128394
927789
1341496
56119
1404680
1181843
767773
1461687
1848952
1752500
1226853
985100
1581141
1235807
1771346
1070899
1730637
867129
1220697
650884
579846
354171
105839
579894
431830
513008
1101215
1734526
1506608
1840339
1672120
290461
553793
86476
1136087
1778502
1732736
1290627
1190269
133176
441974
1578737
164758
235969
1270501
1898495
2219017
249485
1813398
1665576
1609010
152377
710745
227689
1828483
1590488
1534211
386545
491065
1167942
1834149
1507039
1841376
2486576
382991
304331
392533
205764
333557
1113834
1819052
1192045
1191857
1734487
1719856
1947454
1458445
1764317
1926600
1579514
145657
2053284
2316404
92940
1542939
1842475
1225535
1563547
1715721
701894
2066954
113413
1890239
455200
1431693
240803
1849986
1175295
1590485
624615
1505575
1327505
1460181
400639
522155
1100892
1678443
1521925
2065421
711885
1437708
1563219
292801
330884
944137
1184475
1260310
412496
307249
1158168
1919881
700903
677348
436056
126080
244544
1828860
376520
497772
85932
363272
1758864
1291103
1761799
371111
1604029
1697875
1719611
1071799
1351491
1380953
711061
1775978
1433737
1913930
2584466
889056
1544161
768302
1198744
794952
1631744
1210121
1378163
1888298
441066
1758590
1323598
649098
1215793
152962
230525
1333515
1466652
361842
1566180
1590608
279289
541297
462660
1141409
761460
1803460
413514
1453061
712714
1337784
998167
48157
1648964
1739425
1521372
1220125
513103
1868383
1635465
1712915
1602449
386962
1788982
685870
1584526
557941
1207921
1560981
1384608
161489
1661018
40567
2292956
1891624
499663
1380372
1113842
1436689
1287464
61592
1683571
1837242
163165
552707
698989
1547148
1859944
943473
160474
1070092
541850
96425
1820091
681619
2020331
185212
1504725
383711
1689599
1523363
1718000
1851105
1008356
1570416
1341852
692482
1701103
2050588
132509
1715076
1951346
1603312
503934
1461627
937455
1708829
723124
2135302
1730353
1537702
1461085
2282355
1929978
2587041
119505
1048193
161919
1792933
1259120
1437621
1526197
1419020
1173347
430566
678971
254891
1969808
939303
396510
41956
990422
371599
2220095
1414916
676992
1866615
1265037
340259
405217
1472767
435010
521945
1495599
1818860
1324117
296990
1828595
926766
1528357
1550751
2315677
1158748
861239
1217193
1356880
1308769
1119108
1588835
1403821
1254207
1331147
1707435
1223098
1155596
1314268
678450
1299409
394875
1293162
1280517
1621095
1234837
2010733
596038
1113796
1382729
728062
2499653
1213530
1254720
238806
575910
747419
531813
1764022
1914390
412432
551768
2578104
1256793
1240177
350631
374233
60609
477738
650211
531552
28127
1696613
1697254
1216231
485302
1270108
344987
1272
1602525
928179
133915
1885016
1334811
1827955
1446826
491673
355555
173203
1199804
1010057
506510
1643115
1664284
859218
2217815
1222233
1655555
1307035
81660
1948630
913624
692946
2485836
1718029
889944
485219
122001
1356166
911521
1383040
861898
531906
1952341
1120344
936222
630225
1397487
410931
2591108
2135633
2026727
134484
1354095
382574
1311341
2138349
1590462
1911404
1640008
1453048
1179149
1874933
1947908
2004675
1853337
1349565
310095
1150498
1017193
798543
686299
422863
1506169
1340468
1602462
1950451
539318
1445768
1612209
2492976
1473194
113613
359054
1644894
84134
399369
574596
1767142
1323421
624395
301090
386987
1952464
1482737
419111
1366812
1320043
1222254
140772
1503441
1952670
2060849
1909347
1704779
2582901
1699120
2486753
445315
328073
1339197
501424
744300
2479829
1809259
1509007
1919871
140750
678453
1897003
887777
1660177
1005268
250635
1792137
1366707
140155
1543051
1113765
1125469
1809741
1156340
233239
2563959
1739911
2592817
302670
934206
153266
400435
979875
283816
711243
470064
1262564
483287
527427
516357
94280
1521150
871045
1841424
1528516
1463405
531485
1287166
323536
56803
1035594
1654611
1520816
505707
1142312
1653654
1881033
1567306
1034483
1720134
1353486
1442870
309413
1380836
1167087
760040
368851
943775
435098
95326
663392
1394771
562910
1238958
1293266
1094947
732151
210099
1651632
1389195
1647648
1129176
1472171
1848678
1192064
526315
1198041
447401
1584683
1636428
324054
1868435
47467
1844170
534033
1961104
1755521
2162493
564310
497073
1712515
1293183
1811621
1977882
570374
529307
1842590
326929
980738
674623
1051982
1700735
1203277
495768
564104
299441
1302203
1289531
1647739
1842955
1681046
1745234
871077
1245655
326526
1076396
1688651
54400
290368
764507
194796
151195
757371
2056293
1325541
703342
1526002
538395
1905943
1584291
1028901
236256
1249938
2153481
1277396
1233729
654535
1582812
1197284
1768020
747610
2293135
1986260
189833
1349544
2004951
1794533
1271902
286686
942090
1286054
2510177
1088528
521960
297676
471758
331989
1198669
416359
1449502
865368
1145196
1747435
495901
687212
368283
498317
1537043
925945
1357330
1223038
1503029
1946886
252698
1394766
197890
484120
1616127
1289081
857898
887462
531032
259976
1794649
718415
1716172
1946378
1689119
1340988
138122
1843107
1503920
297000
927240
171712
1647346
1806213
1199831
1478471
1684936
1259465
2136021
300701
1664498
1634891
542362
225195
877415
181703
678323
1126577
712712
47426
1443468
1651781
1808580
368130
2030781
263734
1464088
340760
69887
992878
1177487
1393992
1177479
1430264
928476
2203313
494021
1488375
1933886
1276670
1483726
551328
533885
1436016
1738473
650207
1520197
95838
2591824
1473351
1148719
1769764
333553
1438666
1447068
1862425
1930724
1490999
1918662
1466407
1616189
497334
1319416
444594
575985
479343
1645176
1188828
1354231
1404764
86341
1129588
562644
1785787
878321
40893
1859487
1758525
1184632
159241
2212624
1462997
2527998
170650
746031
116264
1571066
1758608
1425268
1482706
1714879
1002591
626428
2050753
638012
1297410
706352
1580044
1770420
399769
374345
165179
45513
218482
471886
588140
1180838
449637
1644165
1723541
424790
1816627
468602
280509
1340644
1705145
1972518
1291554
699100
1450572
1294996
250311
1752469
1271151
165093
2211450
1645171
1850689
1285432
330700
342977
1565181
1727402
1650993
2302462
626300
1297902
1043580
2035022
1961427
1259405
386649
2162425
381840
435200
344491
1033106
1495594
1755608
511581
637769
1349510
1594847
1126955
1630854
1543687
595992
139104
2171277
421767
1350663
1231778
460440
1200624
158328
173958
1365047
1351721
1833892
252123
111347
1904753
589302
1155658
1658590
418753
1737750
1195946
1641158
49327
1849423
1662149
1974126
1928192
768041
1078326
1503090
310418
1481893
1248876
2565299
1258554
2293175
1380317
1468107
1609557
1458837
858802
1055636
1095610
1038930
1180171
1633328
2040893
356539
1545724
112241
1837367
1034538
1440245
124875
868452
1378964
351055
1792335
285895
1805698
343469
867140
1808612
229566
1565728
1683609
1805408
660214
669310
1333727
534764
926663
1267782
249187
1566820
1570415
2269307
309725
452922
1284167
665782
1924443
1463358
2575428
1946524
1010320
1144228
888421
2060169
1036329
1705896
1545586
454755
70120
114218
2512170
305679
797891
795934
692771
1595640
2005601
1501333
1849571
1840414
359005
1050780
580203
621437
142589
1458732
1645407
1826720
1097539
105485
1546150
1259011
569722
1084197
1643192
1270454
1797499
1736776
1220156
220924
294882
33876
1027580
1620374
2478711
488743
1639935
488196
858614
1220134
575180
2116656
1344406
1546987
1440289
2283191
931732
741117
1340454
1936185
875814
1148245
1420798
1715545
1873984
1621424
983974
1466584
1739000
890379
1978520
1774706
1283150
1287205
1090120
926372
558627
1603872
511747
213079
1321876
1607116
1950112
1329106
1595369
130808
302634
1794637
1358066
1653606
516287
1133652
1222317
641574
692698
25
1294132
373698
579495
161819
238813
1476791
1578174
697544
1141651
1649215
1421430
1351489
1921750
2598200
1812445
913107
613133
1842958
2093853
1696466
1564250
1382312
996455
460875
1088509
1585243
330722
1095615
1678549
2081569
1156610
2077106
1260702
470453
1404563
1648164
571143
1706151
469302
1630586
115184
155009
1584959
1700277
1458487
1004343
1714346
422272
1341514
412947
340765
1509100
399311
795889
1244388
1200572
1341561
1380363
367823
1481782
2171057
561082
865744
1556757
456868
1345726
167968
1254782
1716501
1267556
1530578
1194454
4932
1070002
1762973
1619869
1466750
1771143
1029042
1318988
1950992
745219
1739317
1193692
1027597
1034987
111643
711758
1621590
282303
1546741
384250
513004
707629
124651
526258
1635883
574948
2594921
1698384
1797842
1130048
1249330
34406
2184555
1938137
328081
1785798
1641860
135612
1220129
678762
1589540
1763534
985817
1030819
2081300
445713
368598
863499
337271
444271
938572
396771
939582
590862
1550088
1124110
259899
419656
337983
1700657
1512325
1341475
1330620
2419772
409718
1282080
990911
1913690
1161276
558666
1985295
1647803
394851
2029629
340284
256405
1866266
1298764
2508533
1353546
1264089
1435380
1344667
2058290
1810901
1705723
1735688
756823
1349582
1349262
1735606
1946507
1765935
165154
1895700
915180
1118198
747059
157360
927567
1343960
2447953
1606915
1761101
617001
1779322
661865
938643
200457
1453658
1851024
1952599
1408101
675729
1303812
563264
1630601
314588
1333516
1892596
490904
552117
379514
1470899
1417688
429469
1690555
1288521
1382386
1608163
1628078
305057
2153424
1379407
1703392
1288633
551838
1944132
1136279
1654040
2066025
1546632
2506582
319387
1718064
1203224
1075418
551840
1525421
1743211
466937
575022
1129253
1817964
1276946
2599799
1635444
1648574
1051159
944837
1706016
694287
1271387
1213569
1300487
1423597
1168475
1683781
1081651
1082265
188790
406821
1835573
87025
1490385
674716
1107480
1391009
1488170
347208
1705721
1126467
1147963
688966
1951817
1562107
1696011
1264261
2133941
541522
1417975
249794
1414316
112051
667316
1256943
392968
868816
473018
1343245
1142336
1672252
2290937
938514
1543054
1125430
1415078
1180282
1311765
1344900
1165679
1401497
914633
1732746
712215
943252
357014
1485202
1836626
1389332
1619950
1473286
205838
319052
151615
583309
1250000
1264309
121921
250633
1313915
928180
123552
579306
1683602
1332278
1093210
218941
79254
1190326
585246
186896
300768
1089485
77389
1543158
765736
1342825
675913
1494857
1649213
1226325
578197
519753
860848
675375
2037737
946926
746856
358329
1807480
1316908
1849609
483685
1622086
305924
364376
45348
671583
908594
1180630
1096875
264663
358992
173433
1652806
1987948
365021
1746825
1286039
1164210
1419805
580712
363757
224209
1842696
371566
936559
1576950
1769287
2306517
1259325
329068
1729178
1282388
1116364
926391
878793
315465
1591191
1398684
1827232
1382709
1774171
741668
1700777
2494106
2082530
2035011
1002844
1085601
1221376
1156709
437676
945501
1852899
299158
711883
520144
1867367
875942
1623583
405778
2219673
2058302
416607
1193281
1834730
879435
1981892
1273687
1002645
91356
250653
1379960
1705399
44617
1197866
1656093
1670936
1955469
1508873
258085
1244320
1765544
330835
680663
1986842
1113868
2495709
932125
699168
199444
2082203
610332
71938
1714919
1662075
1607478
84163
252346
129965
1630867
710746
1639216
91941
1245442
370014
641204
766056
249733
250216
2056746
1816395
68999
1148044
2161646
1842678
1327681
1701264
595275
1397241
1558823
1227436
756185
1634417
1231526
1242714
1156057
1517865
1727370
681376
1286636
1290236
1161988
88821
1459478
1655097
290019
1538809
1169961
1896207
2074783
1621392
299438
1276736
430866
456854
524281
1806302
1432937
1962234
171099
590406
980128
1803506
256072
1745701
1105004
2175006
1795926
1874932
50845
438389
1170269
1179273
1040736
2259621
143158
1564380
1032
1096862
48
1396332
1366687
1204615
1679160
2291953
431727
1226349
2364156
1681079
1529227
1650204
1617115
256017
1157284
1952348
167855
1589981
382686
1663073
1342298
1584407
280307
930513
1650201
1586344
455736
559047
131176
255095
1006195
492728
1571320
711668
353696
1435802
198677
2508971
1645064
1556785
708911
259176
675564
293093
703626
235548
232052
579907
1314828
255709
1270672
145111
378280
1807886
1078505
1720990
201930
448301
193909
1261077
1327729
1581467
1674076
1343184
879444
1287174
133466
145050
1271906
587592
1967143
746997
435912
1895732
927517
2080659
1270076
194088
485630
2547961
624670
1646531
1077371
477246
1715712
1494141
1795937
1314872
122610
1567391
1156584
1171038
1198035
2494093
1357896
1948647
1010186
1427430
519439
1392
158584
1464139
60192
430836
2572068
71731
436927
1127828
417054
1209320
1717728
392275
997143
1761781
1962955
2012289
1644586
1911476
889633
1038673
578209
1915075
385162
862257
1165360
1623523
1313839
1641662
1033988
1738932
927763
453971
647413
160913
346638
1679202
1510760
1459563
91939
158899
1549673
1585138
431540
1796617
1236337
1734802
181687
173761
2074911
388009
1677882
1520787
1880768
326456
685790
362958
1769185
1033091
1084223
373583
907122
1895606
563476
225368
1280533
1353100
1482777
1261447
2589927
1331591
1920422
1386851
151382
256236
997140
1166111
243833
117687
1029172
1705362
1211297
1443765
1402928
326130
1243143
1325836
367742
396860
2011911
119038
340762
1700808
493554
1081345
218280
1584191
476852
335089
194092
1125875
1316567
761142
1676525
865725
1774930
542191
1081192
590056
1502123
2162488
1277373
1764284
426225
497165
1279269
1245401
48582
576107
668824
1874041
1128709
1560897
1809084
1055312
533530
1794547
698201
573319
938464
1965019
927640
250413
1690586
1760840
503951
1314672
446780
2303074
1847908
139089
1505238
1595183
1246371
439290
1811573
1606370
886341
1276617
2137297
1324111
1700414
942099
1108981
208568
1583502
1276974
2055792
54528
668817
1961388
499872
1277006
1813369
1078987
1194108
492790
755025
2484158
859009
1155103
1979368
1547095
1620385
1572817
1095891
1543867
1387840
943785
723106
1254957
677440
2566012
1986747
997629
1284536
1678728
314914
1459312
1566793
423184
1506638
2056423
1818679
555507
321622
522062
1819891
545054
1603626
1327067
1769238
1585066
1615646
283622
1324644
204597
1637344
659914
483902
1136676
1097406
1501627
2015279
327540
1777049
2594920
1561256
355535
1682604
2066520
117304
2012177
1766374
1384232
1623439
121915
165815
1903595
2509156
1797645
1645674
651183
997443
651239
1079152
1447016
1478501
948498
447966
208244
1330582
215085
764546
116231
689185
556105
1265952
1192399
1703465
997664
391598
1198526
1584079
692687
343518
1277023
1559291
420821
879158
1467384
979053
909403
1435043
1163619
2282445
2486012
993069
1500540
47490
1684458
359748
92835
1778433
1576702
1415798
1643189
1556373
713399
2269258
28179
1128905
631459
1259619
1542852
1122252
1771980
528373
977797
1867670
1716185
1500291
436512
2007037
935349
759623
683029
1265278
1654648
712315
1628136
226750
522206
1226988
1497000
310515
1160024
1394181
1436551
945851
1265787
1566375
1114829
362461
1302216
619633
256184
564901
2597516
381841
205747
673998
531565
1471572
646065
699334
368302
300609
1827109
1242939
587873
1269331
797744
1245953
1621433
39770
145300
2578415
1325074
1459366
676974
297263
911617
1727175
2133765
711571
582468
1250723
1290237
1258947
614506
36460
946781
1867393
988939
1137426
291775
108558
1528221
1778893
1221529
362462
1090999
1955060
218905
382332
1185330
1850316
2023108
579638
914350
1751639
140125
1585805
1132398
546770
887362
246277
57125
2075320
678956
82572
587838
1560940
723242
121141
936328
1243097
562673
110100
2494218
530056
1303890
1206591
1805970
741812
207724
1450858
1635498
711653
1690577
1028231
1391290
1005337
314714
1926374
1913939
1503053
367932
1916651
251147
1165566
187858
1768260
1489280
2494012
171711
1331404
1318942
1612598
222905
1234010
1296526
340976
188631
392119
682139
1521895
1905670
639182
1844121
2447989
1308034
542334
521869
1651746
1630135
178167
2015167
889210
677063
1070425
1612095
1351142
1816186
1570432
472561
1981733
1727230
1387408
763024
1486271
1862954
937648
1118301
1081430
250828
1499036
685658
1097001
1200420
1915361
1101508
1629613
1573171
563287
1678414
1708304
1560278
983368
757393
1344495
992286
1052107
1296531
645405
1412083
1175314
981370
1398250
1521374
1199645
541598
1599
1698519
1323323
1931112
1644510
1200817
1465259
862750
278859
1282188
579881
1079828
1729082
1290972
655353
169404
868854
1962927
1236292
1380318
1747016
476699
1648254
1604891
121996
531831
1982626
302569
254302
2016671
529323
1287990
1521510
522023
1476408
1434346
1200997
1096740
946371
564163
1433091
613195
1341009
1449148
420225
1730337
1715049
226528
687846
385100
1535120
910801
1010758
293398
2135732
613074
1145214
1501270
941872
357099
1172362
1497139
486872
1028017
1476947
1211221
683007
650830
1639551
661815
248590
1442496
868351
2506248
1534275
1449671
882168
1628879
201531
679001
397245
1696441
1550443
263866
1946432
1748453
1273940
2027881
1095835
382977
1798125
2075143
1970331
1738398
2161951
1402929
1571178
326705
1313417
1647686
1644495
1808653
1538238
179622
1595102
1450544
1650242
1681825
743752
422928
361726
1852891
685609
686329
711765
1891169
1520845
574189
1238658
1544091
101435
1093629
1043468
1346690
720730
576022
413311
1159949
384044
536366
103295
563453
1029239
1243901
1862437
1183801
1951709
1822204
652408
1380384
1193797
81475
1859260
907858
624603
1155665
2162938
1798217
447091
144376
928095
1276204
1273999
1113583
875274
228998
1506908
1283916
1798827
1733987
1604734
935276
131532
1124686
1095398
2584927
1474846
1584598
1331914
143250
639679
2492986
541143
1211273
140776
322552
1348569
1172275
1365115
1527263
240194
639036
200616
1556392
1508660
2045293
541322
1530194
1702084
225953
2011761
368156
1867658
1254670
1951342
1298317
752602
1951006
390529
110648
915316
113267
928529
169489
1391182
195032
1492078
1180583
1316338
1340406
1728923
1584145
1936319
1759086
1563102
453661
1490943
727
1818700
996443
1078871
1167100
1564248
537275
1053537
134220
1235303
1806477
1499246
361806
1319454
1822037
1327814
69949
319716
930142
1962131
1076225
192105
1528728
1759205
1389174
545032
497025
1389273
1126285
708826
744979
1739530
1700160
409460
1440508
531582
1970448
1571483
1738970
659158
1749193
1638322
1810973
1283288
1733450
1080087
937137
1848733
1507099
1436326
110240
1460183
995066
1319075
1399650
1644538
1796656
1246166
1576580
1862221
434104
1835516
108029
1561353
1424145
2292975
1647695
260346
2520532
667463
1279290
1919785
1730224
1551464
2573089
677680
1348819
1713871
1449259
150119
1408604
2058388
1806829
353181
1811933
268796
1270312
1739874
2211194
1640006
1077635
2485151
1828269
882121
1985604
1033117
1841491
1463454
980156
1696448
225628
1850656
1355284
1682151
541983
571086
767366
1259989
1073748
1512411
225999
1246111
1605892
1232907
446378
1666918
1679646
687218
1512886
1667003
133472
152943
199828
1729074
405470
864442
1639537
362540
2315968
1300391
257988
1808702
1467499
1792954
526072
1819145
1523504
597341
341047
1055195
1812688
1124055
945843
2291045
1466593
2012020
1313673
741132
1323286
1222217
86259
2005612
932655
1190505
1706179
1248999
1952316
266280
287537
1821067
1111947
952380
1789285
999931
1697293
1710629
694149
1273795
344476
1799044
526442
29545
1120170
745059
1466103
103036
1752081
1843260
1382418
1824739
712915
410816
661924
433281
60212
870871
376630
431757
1284126
1137785
1335685
1236892
928335
1240481
696790
546164
889785
2022265
220818
310890
245682
1679116
1836736
222692
1390175
1962975
1351386
326039
1559200
236215
1844204
1385400
1494928
664974
304731
1581028
124072
1970411
512492
624092
1520457
1756314
1559197
1313430
1293857
914870
1864842
1609146
1602461
1367387
1834863
1774154
1275994
1419019
67509
649136
2269178
262581
229365
1403711
1231909
1036855
305147
1751295
668705
1559881
1318711
1277187
653649
1476945
1384062
1393107
1442179
1577411
1680754
53713
152062
96910
1287298
436572
1355759
1580850
766742
1384170
2485007
1172357
35236
1735322
2075321
762261
283474
1432925
1413634
563577
186415
1274201
904994
1768740
1329963
248699
526288
2008380
215107
1670466
1594889
1517675
454994
1930134
571998
1530087
170095
925398
1603897
147390
1327188
1138694
354193
1653364
862377
1211391
1293716
1444671
2292781
697346
1862393
624766
366827
44448
1734505
666804
1002397
1254935
929287
1528302
2562150
1950912
1319195
144887
522115
555444
1330640
400578
1766934
1306652
263557
570959
712646
1602411
1609286
1664796
1850111
374838
1739328
1835588
1466059
927562
2483793
979122
1562740
1718971
767617
1250130
239982
1028345
986904
1770374
1645192
197226
1571624
1579300
1934325
1250016
2021035
1487301
627704
1466170
1521826
551913
1862322
171666
658301
1225118
1425742
1484337
80583
633309
1811565
1038532
314977
215014
1110674
2498829
1467320
1356152
1565686
1671555
2162333
1896340
1534109
388802
482221
1671017
123626
1777359
1867550
1826972
1770098
795338
1199612
1844782
1070105
1351621
1634367
1544456
1114074
443258
1683491
1518883
1834957
1310011
1840172
1789239
1300068
1897631
2491050
865865
539643
340684
422531
1396286
1262553
1101357
1027955
164540
1282562
1355883
1874906
1147811
682138
542296
1896196
509117
444467
1961634
1565597
360893
2024537
158484
1279262
1053415
163246
2507053
290335
1556942
1270740
157481
1127317
1002414
1619949
517575
1570104
552056
2517257
1697219
1857622
2545757
1867
314674
1163093
1570821
1432984
425304
1682684
1701690
1857337
1425370
1574057
1793042
1820000
1610223
1134730
446667
2005021
1041303
1640074
189583
533395
140170
441842
1030239
1231179
1038698
938804
1602585
1579504
403638
858472
1323956
1215830
1819636
570145
1903676
904243
1510894
505371
327640
57041
1180619
1114546
1849881
1936305
1177509
1670533
1843082
1947269
677036
1437390
204469
1497796
139266
1587562
792635
1029354
867224
1287657
651912
2493910
1459517
56109
2064855
251958
1683708
1340249
1755797
2485200
353489
646173
569849
947791
1632085
191384
1163843
1496853
1589093
2006495
439417
234109
522333
542220
420800
1607512
1712578
2006987
1685445
2293164
1855896
1968531
692736
692347
519702
1805924
1825270
1594797
234121
1623441
887652
1812804
708877
465799
1427477
1120650
1677934
868535
286633
1602493
1867142
404346
263856
708974
1738737
660593
374512
29438
1148607
1310394
1134557
1206805
422662
322805
1965148
169678
457412
1219605
1256748
412682
1280484
645304
1166141
1142327
1611289
1763355
1469654
1326059
1183819
697558
110624
1645186
1591197
145379
980161
1288118
1974051
293424
889402
515249
1008024
1446443
997238
1212636
580761
1278623
1264307
296795
1567189
2494171
361483
237043
1282078
88788
263020
582499
1250141
1804977
1645010
1643121
411634
1246781
419915
1571897
1403755
861093
1336193
1434672
2162287
1730548
498887
1442487
587859
746453
301365
264122
2093387
1792936
498057
1684873
1871037
1534017
521910
1116686
1229403
1271588
1413787
473856
1961445
1180033
501475
1811633
1510748
1700283
314590
1671622
596003
453975
341190
1970428
1637388
444062
253088
325998
1758370
948409
1156628
1351305
530847
1084821
1467540
295841
95835
1686776
1180918
142035
1045528
1588934
1483417
66693
209567
1658006
1519571
546624
353523
2291746
945596
1584251
1368284
2499161
1176208
345667
1475018
1703439
2045441
670999
865494
1768761
476722
1611498
1948567
424818
1590321
696072
865599
678911
1635318
415073
1485485
2094554
1197738
884009
1309798
1556458
1052924
1397278
1490064
1577828
1264152
1635667
1126322
321317
112903
1520423
861688
210534
1051102
286398
1072108
886102
667471
1667144
373184
1259542
1176235
2530053
282174
1657975
1470879
562740
2056741
1165164
1797967
1190400
1351126
1885014
314596
1652957
948303
747579
868335
1414340
1084857
398416
1751078
436228
455746
541773
936961
1676616
515955
1507888
340232
575789
1173360
1560000
471571
1217150
1846167
549639
1508864
665635
1602526
65878
138637
2594472
1610856
658478
2494148
2200989
1560197
572959
1284359
1073164
1871381
1055961
533842
1825129
403209
495329
1170119
1884585
1636105
1395953
1178833
756082
2019383
27298
673653
1233941
1027599
1460224
749365
1240176
1576371
1962757
286333
1759216
908006
1224454
561037
678252
1285833
1240659
1279110
1448109
1947134
267043
1183052
1532898
1512500
1213570
680628
706376
1248115
1532367
2497776
1263028
990677
1771990
1390428
677724
184999
1780332
133745
398342
1931076
1761752
1077661
2030913
1648190
1224982
1217060
1250105
2162204
1464095
796054
419878
2485502
1177446
1712066
151617
1952256
423201
333076
252193
1136598
1138315
562014
1612624
2315902
678987
2094731
1307837
1402004
1404670
1734666
697655
1612644
367280
1329838
1514080
1506989
1233453
412509
997009
1738524
1737904
1589031
203516
1661680
84462
2338521
436318
1750791
1508940
1534038
1601937
1850975
1403611
1591175
152964
2590816
194470
764892
500845
76328
2293232
1935410
712443
78944
859097
863451
1133327
748548
1160080
754397
647881
857948
1049365
487231
1504717
1905142
1210816
1519096
206393
2015355
1547877
161213
71906
883076
1206810
1809176
460043
2576364
373858
1951142
415034
398735
285857
1033090
1218475
742570
1273327
2507062
693520
1222013
2202731
1968616
1355313
1114217
1594493
454997
1264382
383365
1405058
57023
1570081
412612
857015
1736356
1264173
1842407
283204
1683558
2024582
1712071
1246863
875227
1856901
660587
419863
1009200
259698
1578265
461477
1330644
1128720
1356403
1736510
1513564
1259115
1612087
409252
318768
2008974
647996
1902644
137325
1706231
553093
361433
1806234
1632015
1279356
742044
1806332
860146
763837
303193
1804676
74348
767909
2306536
517155
2175684
340230
723559
1952310
1441255
1163880
1974110
548799
2292326
1318961
1807178
1041647
889069
126098
1643748
1231187
1929274
2492391
2074816
1762471
1419770
299554
1513852
1278628
1081603
1319923
1182509
1223042
2022488
1299404
1430170
910645
1078789
1472436
2054213
631189
1466952
767768
439371
2597040
1208723
1119063
1946608
173675
552933
1433531
2007092
483111
1303104
1946732
1494847
1537058
85685
692668
667018
1541191
422914
1451265
1522508
870635
997021
198304
1590334
1654490
1784767
1849932
300443
435960
678525
1073854
1484046
2589810
1651759
578188
285522
2038083
1216320
541485
1574081
888696
390865
1301032
728172
1329187
1352687
915238
245322
92900
1950553
573034
1882483
1419670
1270699
1050654
1602027
1571676
1035391
1534816
1351462
2487930
680425
1809298
1697894
281332
1344670
561423
1512972
1120634
2483290
1508099
744362
324977
1661242
2055170
1651082
1732652
27350
574183
1951020
582547
1644889
1289028
151416
1612024
1079048
1319430
117347
176293
1029790
1532018
1030773
249780
2060709
994746
267642
979054
89295
2339271
452834
1435406
429402
1486197
1142117
1639252
1345755
716789
1300079
714195
442954
130779
1258788
1840774
1799069
699394
650158
457607
1756435
1853991
293985
1795028
910978
512158
709466
409462
946061
56459
1192144
1288135
1109632
1544911
386319
1391341
1595562
146018
2003366
2013798
677484
741719
1290421
904978
1193423
1160034
1082826
723254
1075028
757365
1595739
488639
1367619
888949
1321984
574552
1507491
932784
928689
1549089
1775994
1112933
222923
1163133
688100
85561
1482059
1183022
1349249
326521
318665
1314171
1605231
1101526
1183755
1311283
1463441
1747909
995062
1324396
435497
501416
255612
1784854
1732739
1229034
166477
1951729
2575757
1540077
912071
765700
1834437
1439446
1470591
1192065
1328931
1036794
2074846
705331
53660
94747
116242
1035401
1179321
449290
541361
1963403
1423639
1962734
1642268
1319894
571932
1131185
382238
373546
1755811
247801
934348
857045
1763512
1404997
2070706
1672720
1234833
908477
596293
194991
586339
990888
1905807
862089
756028
1704931
1644964
1820313
1727278
417605
1380086
1650329
1630860
173011
1925741
556079
2044603
1857588
333074
1645352
742013
435280
1961423
1542321
1444434
1825248
1608595
1445968
137505
1070995
1736396
1141827
1338005
2107919
133909
1768767
2024830
239935
225345
1211170
1708714
1806030
663040
1112743
889647
939566
560629
569556
1862243
1749169
1813405
1914051
1002107
1535169
1322309
687781
677170
1673814
1450768
407917
230133
113397
544435
944044
1131654
1621389
1848021
868832
698076
1469557
259494
271041
1072623
589096
400770
485516
1247561
712689
1247051
310987
1952315
1496531
865719
2292994
1390167
487798
1157
1948268
1967029
1670519
310259
1093712
687833
1227435
861857
1163716
443276
217085
434107
1583184
1197127
589489
742584
582668
1164842
409967
467915
596065
1357183
2003283
1551652
1163223
1905909
1295036
546081
1227743
1526581
1301481
1813748
1835491
992322
583271
446664
2170796
1395384
1042061
1727385
94061
1294876
375915
1919260
440204
1256828
1161234
1788360
1662417
1928361
342088
1159463
409715
349891
293020
1282640
1719690
152532
1458090
1180753
1732831
434292
2293117
1167734
1274036
1612189
1496777
1866966
1077671
1859102
1635998
1493489
1006490
1195258
1056758
399603
1126431
873527
1973977
1017204
1751068
889918
83514
262246
387865
1053690
2204062
1502855
364779
2527856
1131973
990403
1739947
1664726
651255
914746
626247
1166090
1683661
251781
1249452
534207
211441
74318
1896140
986748
911288
1286980
1802345
2162249
1564788
752172
1798019
521461
2301478
1142276
56979
322821
295100
340803
1563554
2577111
1444396
511960
1155529
491372
2014838
911970
218903
1435778
1727363
1508838
131156
1389154
935763
444559
1617284
622338
307196
1708318
1458753
631351
1965145
551730
1237045
1764807
1595330
1265274
651869
627670
1071433
1436860
1776578
1287423
2136030
677246
1491045
1565701
1644194
2060110
2528380
1882410
300442
575172
250438
1259753
877571
1578280
1216313
445711
1230850
1521964
1968585
1236885
2017495
1278671
2293565
1197500
422797
2494701
1222319
1461242
527657
1564024
1527209
256299
413135
1085847
1287170
1469763
1254310
1732855
239973
1759208
1250036
1348617
1443432
1523256
495116
1281489
1325235
694241
909572
217157
1484331
433322
2027857
710737
1042683
151613
1100013
1294943
596001
1514734
88064
1542487
135360
1278661
395923
665558
51141
1643216
646384
1717751
1638989
1132034
340042
260214
1585052
33950
472002
526276
1709261
1548542
1273926
227316
1330610
345665
1118111
1271190
1179593
1459216
1325478
2496921
1501610
1864903
1408543
1111956
250417
1882888
1850219
1136075
1393059
1665103
1804603
1744958
1806228
1395634
1565417
535902
1071585
1283298
1941208
915177
51093
1082260
268373
655012
174482
881969
1508497
1115036
92904
1862089
1566812
47592
1934346
643184
1049598
683161
1697245
879343
1453135
39487
425435
742627
169798
1792271
1417664
1293729
996947
1298323
62071
1210845
1785014
520094
1547096
1806269
223190
1391520
1095928
204810
1051132
742534
1526579
932633
1030815
1647733
651623
865989
182816
1137613
470500
1415457
241094
564882
1655608
1538573
621003
792639
1862505
195490
485006
1619170
536914
1053007
1369841
133534
1080183
209443
268276
1128909
1696796
713595
1510368
69487
1383421
1656186
169513
1164225
1453650
1250033
238801
512687
1442142
1349697
382485
1180225
1467134
1167257
1469419
870478
749868
650089
911070
1296325
1298870
1645057
1759283
1056977
315067
510905
909557
367741
497522
2486773
1848306
218111
1797190
2075192
1549019
71665
1408901
634413
1704767
2078538
161801
1457151
1850582
1378987
1408622
244635
1936171
29419
1008131
708107
1385743
1732881
1381572
1378085
1663531
1490207
1850042
553299
437989
1379901
454193
445464
1854761
285149
1947194
2597144
1191821
419853
872231
2025961
536936
652037
214755
1300592
1449529
654376
1733367
290350
1848460
1432383
1497847
1764021
673997
1355819
575351
1466362
714409
1120548
603295
1445723
94151
2094568
652422
83629
1585460
981422
1581220
943790
1117075
1316151
1357189
1404786
744509
1230810
1608815
2023719
1230669
1115938
1542909
154300
882852
391466
593411
418056
88128
1930564
1267185
279878
720631
1196782
1398598
378961
123714
2057312
904068
1595471
937657
716942
1178430
1169977
1282602
1905352
166388
2307098
1774632
428068
1314278
2419505
116384
1837778
1533744
1577231
226525
1595392
944652
1606886
1779330
944510
363003
1764581
1048711
405514
1585441
1895863
1828648
1747397
1543738
1952772
1450934
1420753
181674
1720053
637862
248556
1550082
566096
428404
399279
1029346
266997
1981730
934665
1332658
1906107
1035216
1924944
1308009
2060936
28555
184270
568110
1035335
1584939
2009028
1431689
1032581
1850842
485158
435559
1658576
1282746
1094271
248669
1415071
195898
250348
1827305
467147
349725
979107
707323
1805154
1411507
1446445
329678
1799163
591192
303219
1271203
908534
707080
1777242
481362
89093
272828
579647
1357932
1418516
669885
1600
250845
1826690
361771
1382868
928497
293740
1119121
1503361
1285254
1680158
201234
983821
271632
271671
201382
1183738
935422
1813594
1503052
1312170
531643
655427
247796
1219257
120032
650473
101377
1340914
573292
183193
999895
349931
642215
129648
155163
468364
2291740
1199079
2012202
983747
1680127
1100011
1270939
1610380
358413
1538154
40859
1420685
2075126
1034088
1425657
1983728
444255
1315258
1358833
1414812
415712
564122
649394
1631579
1589763
1450840
907786
1467118
1049072
1457229
530922
469609
744934
117157
699097
314604
1512460
1634893
1358111
1074885
1564810
1768296
797907
572002
858604
2109609
185325
1211106
1052537
359260
558923
1571050
698481
1151576
1208962
1868566
360313
1267884
1705008
1534083
1204429
741276
1794563
539650
110505
472525
1563576
1041850
2027873
1034248
73540
941986
1567219
569112
1632691
395398
1209289
1737146
1914859
1534902
664973
948875
644870
1204171
132115
1282161
1172619
624731
1565202
1395177
108942
911973
208430
1171866
1746738
454157
206042
1503158
2100777
1769438
599820
1612278
1765013
244190
858803
139352
1473330
1550209
1544488
1431958
753543
1979210
1250230
1191879
671550
1785712
1262952
28444
1936019
1037357
934692
201100
1705907
1706239
1565700
1811669
1961612
1495535
686246
907384
702013
1678748
2316370
413221
1157123
359266
1250069
139376
1086599
552152
1167778
359211
1344752
179568
717547
2249746
1859678
1766921
717455
189205
1265422
667614
756187
1946297
732293
1685931
386345
634486
1162961
929338
215679
1512971
1415372
1880965
1617209
911473
1084878
1802350
1535111
587822
706521
1319199
1449145
446386
1808610
171693
1843272
1743163
1700817
1003141
1244485
528186
686245
931609
1460331
1978274
1697720
174927
94052
1946915
375916
2033589
587021
753124
530568
2547938
177758
1396000
709013
537031
1951664
1220218
1951180
1641489
687926
706392
182704
1864513
1220883
2067945
1466480
598636
1855531
1660127
1246210
1806456
1068626
375889
1134078
1556490
273244
552163
1762736
574179
1181833
1073191
1822243
1713045
1335804
1390407
2082725
1145322
1651713
1797597
1401223
431376
1127297
1723470
624455
2027097
501285
398212
1617750
984128
1745200
296811
387090
1405486
353657
462722
101506
1523392
1008244
641239
2014856
1255000
2070659
1565643
1084545
697384
1697552
1526572
428740
203370
2107942
184351
2080549
913033
147410
1536482
1749319
267740
80511
673661
1484023
907045
2081343
1307369
710722
1419675
201150
1506373
1581881
1263523
1727424
399893
1631925
1113764
1610376
1617703
1909615
63370
500593
940279
997252
1428326
2495680
1074450
939204
1142515
1189236
1509118
1127781
256407
1891693
1677881
2070635
1765637
1738134
645658
93168
937887
56450
886977
1577097
1951244
1796485
1503028
654529
248095
250933
1584194
1584677
1680695
997248
1544253
1852028
1651622
1470198
314809
1905890
1316617
1076846
541791
1967147
1445034
151206
588287
1819937
1387764
1236799
368125
1271216
1594828
1647332
1953133
1775234
1902763
2571114
443099
1238478
1229822
1332766
448261
1283999
370408
587789
360197
1851973
1467806
539292
2022548
287630
326479
1864886
1156732
566070
1946485
445953
1455777
2487932
1256228
652716
1462999
1034234
1387059
2518182
531219
1861979
57149
1763883
1028850
364492
1985158
2075006
1594855
325578
569157
1077553
650905
1087378
2518468
946857
683259
255505
934753
992925
1768027
299395
254940
1327184
1218485
1055609
1937067
667703
658444
168464
1234085
1478543
1156307
1461437
116408
914999
501805
1778393
1353222
490671
1199797
255655
221241
485226
1952669
1580466
1692012
988925
1506170
1327156
1748215
232348
1081315
888378
646060
244128
947391
1819893
87579
1684761
299701
364142
1237067
1766547
741707
1277102
979607
1273946
1270984
1825942
1280669
650831
280283
71716
1512934
1276548
126014
1792079
1607495
885854
565591
651838
1603936
357006
536641
1664622
2048263
214711
1029954
1035755
367712
1907319
234692
1797486
1177011
1621644
562878
445868
346633
375830
1848468
1835631
1501809
588108
288979
2100729
859160
1300741
462895
97117
1150537
395641
1404657
1245822
1933910
2212468
312186
322812
117448
1795355
118744
98559
1126340
2495592
1113852
546784
1114980
227717
1307808
468244
1074272
1232225
1436504
116268
1052972
108941
1128171
444069
404039
1219382
1584203
1331824
875972
1567103
1748514
156586
52254
1480870
2506031
1576490
1163957
1673461
1643118
251813
172304
238922
1739701
1592722
943357
768824
1556497
1195781
536077
180046
1194883
1878960
1436122
1549921
1136340
994655
549477
1261444
358474
589279
542175
384087
1779805
1951230
331757
1301812
217382
1751767
137363
647954
1038684
1818370
1789406
1958788
675236
669097
1808815
1644579
385207
1662744
435122
1356198
1619864
1535141
1853567
2486024
1538225
2291763
541975
315502
1185374
445845
1124497
868347
1637446
215742
1816732
1244264
927237
1405607
1648211
195793
548951
1449402
1442379
1739780
865195
562610
2171019
1163251
677945
991792
133476
1843054
241088
249866
384098
1508979
1679042
1571558
1481411
1404662
1268279
643186
645110
472351
1826870
1115081
2053774
330785
1946847
1609147
1683054
1054285
1538621
1645916
1653773
1825459
47366
2558278
123782
498309
1463649
1414885
1028861
641975
1364877
249756
198086
681283
676120
1528710
1337021
148744
621399
1761463
1009223
266587
322528
1115922
1288547
997632
1589162
1264279
570868
505950
1704025
271273
1314921
189285
660217
1650654
1488083
250973
1647562
1649764
1155151
1685478
1199527
1768753
914853
1304250
269459
1514800
642779
305214
1926607
1581552
93173
254880
1739513
659199
1643233
1431242
1553441
546761
397320
1240405
134821
666828
1455860
1909496
1274180
2291003
1192998
229625
355767
1199862
652621
1250558
1715473
2291773
1434189
998604
1232330
1349561
1932751
1859222
504412
193197
261920
937194
1460870
1750901
595315
1385667
1761130
1319935
547002
1439748
573312
2583483
927152
1696590
2510189
1263152
350809
1114538
556116
1034289
1166288
1859667
1644513
1778121
510620
1537515
630440
404382
1461132
1948455
1764804
869429
1191381
1223076
193405
383902
1120173
1319432
391109
1484968
1643546
1798010
1812810
658273
1209948
1803751
1430410
1078048
1502753
1660122
1077374
351017
290291
1784907
1854630
113242
520657
1290640
484583
1797873
589547
87613
1343023
1010250
2086326
1090404
252002
1128616
94849
1055804
2498828
1608530
1189221
575887
340214
1207424
1249359
504614
388864
1855588
941525
1478387
748078
1671642
876706
428079
101078
764863
186654
889830
1584570
1950920
183449
1437422
343328
391300
981563
580402
1215141
715503
620835
1241638
160824
1209389
1179441
1048838
1811245
2172950
702298
118260
1008207
1314242
1859410
1124011
215131
1818802
378586
1357061
2305183
240502
868792
1595594
983871
185105
2107740
1762772
211134
768288
1824911
227078
1864889
914602
585430
483423
1583917
1484741
1841768
1792589
2022282
1573046
670154
389480
2557837
541769
186658
1617927
374796
1254365
1739820
45549
574716
2269182
411038
199849
2033507
1424155
1183017
1513279
563347
170642
596228
307559
1435068
418761
1450021
1970505
1723504
1367709
220079
1079863
1676291
1350731
1489128
1053079
1770376
1576773
553989
1459623
239500
545190
1246416
457502
1737441
1453338
677232
1301780
1290680
311420
948877
990458
674770
1640361
2005535
1491446
1737677
101749
872439
1574298
1306123
859410
882554
871083
1300873
698174
1129328
1250369
1101241
199807
543422
747641
113057
588504
1041026
1719823
996896
1762057
1325778
2171334
1266461
1535793
335430
1484737
1609519
1198200
1197278
1324075
180995
1583983
1299496
1729769
744405
1542845
1162954
1661212
305860
1246608
1558890
577371
589
1404500
990681
2576198
1952355
715328
1199711
1962190
1595643
2031124
1304124
1590753
1176881
986302
1778799
1329180
43655
553116
1821702
1008049
1463869
742405
262135
304776
947020
1486772
761574
214563
430444
1799361
888347
943462
441818
1727382
1653961
1195544
521534
1937061
1706289
1351242
1351370
469890
571976
1134076
1135968
1679602
1222278
2012781
1131959
1637826
1962193
1508327
909534
1840085
431379
1464122
211120
859039
222508
980716
303255
1313728
1113735
1267771
105826
235853
1746827
1293774
1606271
505878
1590596
293015
1433057
1459523
376173
1313232
1194202
1417624
1885033
300576
1686074
1350067
263917
1688675
1895728
293393
1954261
118033
224643
565122
1708774
502278
1453717
411843
1750871
1005814
62714
2320455
1839750
932341
638587
1179352
375435
1712074
1259211
1112939
1490411
1850129
1220854
592387
1960116
887551
199820
425298
76005
1746898
708074
1789386
1461576
1091278
1673128
235400
722879
1198848
1320267
1946651
395031
654377
300466
444395
1094587
265450
1090105
1819887
1325376
1507529
1116664
1439749
865474
1300659
570867
797957
1930558
997119
126503
1405488
490063
1889285
1238533
1544079
573572
1813950
90408
1496072
1661615
1220881
1734669
57863
925860
1090353
1247794
1342957
1821708
367814
1712644
1467833
1859274
1792128
1077986
879315
1263364
1567191
1084262
633304
1519712
230537
2183953
398213
2506760
267793
1294652
1951654
678329
1606038
1577689
210103
350693
1578981
598668
1700026
1907354
251085
168332
434161
1191496
563557
104354
1739066
1327503
1183646
1896107
1033148
441955
1079104
1644086
2496780
529906
1437634
562006
1341526
996
1431789
1970465
445936
643469
1847333
2003705
162163
1567290
541588
2035028
685883
1611288
410682
554087
1904970
1088385
1756269
1250062
741720
1509300
403964
296842
1416533
1113662
1088378
1509067
703478
1500796
979686
1261032
978056
766116
674496
208486
315007
1859679
876185
551837
539636
2107946
174984
2021639
1610472
723087
871267
1111514
1113782
2100170
268433
533633
1302950
1164458
312266
420226
1086552
1190738
553228
1032346
1746907
1635823
1313747
1325073
304382
1029234
701125
1635817
1463389
2023707
1307761
1647611
933962
1197548
549511
235979
94053
1082740
254515
1841381
266626
454192
51778
1416650
1472882
927525
216929
1548598
668293
1391102
1699705
1172245
929388
1300218
1163811
648754
171404
1707419
1244084
357993
747084
1706150
121046
352970
382225
504160
1919792
155159
1589069
1181468
309789
440191
1330573
1864948
1704850
1936174
1003351
413517
712384
1394878
944092
1616752
2218478
866569
683376
1512572
1382219
1219533
358525
1482047
1606148
1692213
664422
360286
179022
2010635
1113865
419647
421552
225329
1178750
1486359
1664571
1681142
1378479
1652961
2108095
1796462
1907412
1818994
1682531
531682
1703410
1390518
267817
413085
936268
1935421
1758760
254793
1384072
986292
1270988
1109250
249841
158755
1478452
541751
1434800
368194
861051
1387144
1706119
1585179
1550233
723156
652046
1978320
1766885
1277061
1515276
462922
1041669
394068
932335
557544
1129142
1714906
1936542
1007570
868813
1304045
702628
1840259
1009228
565424
229573
1595277
637582
1622017
1133638
500770
2511434
64509
1635533
1969172
935533
1737327
412405
1224430
1548966
57033
398567
1468106
886820
1895639
1611363
1592783
537668
931715
359796
1437371
235444
985211
201978
2300
2057412
1520861
723065
417026
692205
333019
2003271
536642
588724
492665
699355
1766379
1859626
1940281
1510153
607673
143883
1705915
337570
406890
2049269
405520
213680
1175230
1250317
691064
677575
1746649
701661
1835625
1798304
1681149
1730659
301117
1718554
1953015
280897
1756503
1429594
1102
1632051
675353
519797
1342309
483421
221362
493591
1812011
1844269
336408
1608340
1567074
1365919
1395932
763420
1277078
1114064
148295
1523297
332401
1134859
261908
1225325
2420234
644943
979171
1656192
491668
626410
1732621
649130
651618
1757906
1070076
947398
1776017
937456
2293157
937879
244593
343624
1581282
100050
1630913
1570984
742631
526463
226979
1692003
1837154
2100740
1737709
1569597
1864928
1325943
1300012
282664
1759450
1264970
411908
434790
1380231
497538
925957
64642
650934
1390381
1114088
440387
462352
649179
422522
2292070
1352414
1340375
1210862
446389
1041706
469844
1236761
1735687
1010375
481400
1199854
478060
1484274
1079416
409661
1198810
670029
1692196
1577830
1700128
470205
720737
1157632
300439
261328
522455
179328
1644906
1776026
937497
1199154
866833
679268
1590639
980718
1822271
1265082
555587
865516
871389
549478
2480213
1612121
1074831
766034
942862
1112917
1796489
698231
857410
1115101
1196656
136378
1535657
1277440
33180
1160041
1951010
1459300
292720
225911
1637363
1505017
54689
1905923
2040901
499672
1398343
1583936
1496599
1766788
1112187
943377
149556
485085
861890
1506978
1165542
1476644
1542687
1327224
592064
1932867
1590746
490189
1799475
1476583
1036336
863757
1109325
471752
361478
1673101
759630
588270
909229
538930
1035845
1467665
1307898
944422
1697896
1969170
1009158
545478
1295604
42443
483656
476248
1041741
5266
1647642
1653713
483172
1464112
568743
1857801
1512311
154317
1198835
172835
2023122
1308889
2505768
80661
554105
746445
1778881
1255734
1026885
2584609
1650988
1805194
1950717
710653
1071540
1581937
1246097
677825
1606165
80506
1691521
1224326
1779402
1277402
914382
361815
1220457
332237
1406874
477978
362913
1255255
1489598
364111
2108216
1715718
670704
1155541
1912211
1730566
1392403
1583851
1340365
1986841
1704549
2171080
1335808
1248116
558847
1148691
291208
572004
1791945
1419371
2494016
941664
2163037
1597861
1843330
1206609
701355
2200762
1771224
1862559
1398310
985043
1431589
1037488
1640105
524901
938913
259965
1340490
712535
2009094
2057807
708846
1696507
1645914
1903702
1601803
256206
1419808
498358
250648
1476555
2563883
1581892
2494146
1913925
1750872
534611
195767
1563026
401977
315473
1072335
327547
1353154
1665081
1260429
131490
1580835
533462
201161
1037627
842
1792950
674526
1151003
194834
692820
563849
1213185
1155562
2075234
1674908
1244245
387883
1118225
1356128
698154
1450628
1198770
2024404
381051
1825637
1714371
1340620
559925
56501
574734
990017
1713452
1886781
63116
493234
431431
2054599
510993
1274077
1090431
874341
225050
1736442
1566183
1414150
1732719
1429055
708431
2010670
1643574
912530
60207
663586
1345849
595436
1571193
340355
622690
1142046
1715157
1594864
1219958
1070808
988317
1399635
1835565
1130044
406104
102282
393814
1236324
1714817
676991
1794746
1180391
1628957
1488093
1542724
409972
1805554
1441082
533443
1259185
1828100
654526
286163
1644262
1515149
2496655
1928825
100622
406404
2283318
2485250
368516
1200538
554338
576124
495793
2040332
369303
133866
1696449
428031
1464705
1078615
2075180
1658766
2040922
559773
2136796
1636038
1308941
1301692
1244311
313865
870887
1644418
1794445
930148
351638
884112
113235
1765942
2583007
1733988
446601
285316
1446479
1934154
176824
1325098
1789279
996987
747578
678422
1232847
1538003
990883
1667121
1827560
192940
1621517
762845
116464
1444426
1508107
1461146
1650296
1513073
1224497
214760
291748
451536
1466387
183926
445274
1096706
1220092
1453629
498278
531568
1480927
1512662
2039342
1583192
1040850
1482686
585830
1231812
1316785
1849942
1769550
127093
2162411
747000
1708376
467809
1679226
115130
309490
1488329
1736516
624018
425001
1387380
372689
1777303
1944646
1031263
509578
520776
754222
1253888
698166
1145334
1117327
1184202
946885
761296
986757
1270998
867639
2587200
1653370
1408124
95857
1590500
579978
1398642
1762458
1385846
1072660
661014
419875
517460
1262896
45344
1500694
1163849
1950645
1246172
434279
1496868
589871
1286933
1242992
1231482
446379
1211195
1650317
1071526
589089
1733411
1169471
112060
1837275
1502819
681139
1450018
1270397
1892477
81397
1177942
2173148
1570330
1951924
534036
255433
1844323
1313003
1604385
47492
1218272
946001
1862214
99247
1392209
1436623
196171
1287203
1231130
1759162
528404
1002371
1096002
1607391
314713
562684
413931
394482
203978
548953
1164547
579728
1840760
1730855
29561
1951390
1763295
194340
1273995
126580
1672896
146309
1661259
1264975
1459360
518907
1841590
183929
1983702
1579212
547307
475695
864895
1774607
267321
648895
547712
1748136
107650
186307
588636
516193
445914
1538229
1848517
1673801
1633587
2065177
1156187
50741
253118
166631
1270193
1762442
519745
1108193
123059
461392
135335
907135
1430112
499655
1655100
1151634
1947468
1088915
1254892
1417971
1545674
331885
1283866
1307028
1603489
2269189
1493911
878964
1042278
2163523
77477
2013085
983779
1708715
1226779
349359
1792247
1271253
580
1453891
1385967
763426
258715
2282430
1967935
426143
1582493
1342314
1201051
1327811
1847901
1930631
1844194
1461752
460402
415628
271344
138622
755074
1404507
90082
1221811
579520
1713220
1556614
101521
1520818
1550105
2498851
1682541
559088
133182
235003
2303139
1907941
1179401
1459568
1229015
1698442
1534993
1179759
1795909
1912499
545461
652378
1267843
1291148
77363
549576
29374
1323600
1749068
2486783
1734565
1763008
384063
1806936
1853958
1195933
46228
2478633
1410681
391033
1720152
321883
1467832
562869
1469835
1678543
190080
1366823
752617
1548536
575347
942132
353753
1403774
1973218
1761319
69953
1081175
939773
116371
1209819
1592533
1577347
558906
502264
2544906
1155714
983772
2293047
1898039
643235
588757
1850894
250054
470842
1593124
674727
1644589
1688783
1480122
203901
531911
1880813
200121
1445748
1191775
722945
420222
1304254
1665241
1482689
530726
1101312
570108
582529
700304
1803501
1029969
1570948
1075497
1114507
641978
1179984
1198884
652351
362454
630910
1595031
1762738
87747
1573006
243248
1590460
471541
358517
1148709
487647
1583971
373362
333375
358868
1855612
1007171
263012
749738
260915
534622
932210
112201
1542318
941528
1646506
89721
412885
878833
1484995
1950666
1421000
935776
1206459
2009056
523624
904913
150172
1320556
1105079
1136009
1336417
353679
412571
1350956
1850294
1174683
1469603
907141
191839
1506334
1295288
1583575
139824
1661128
683026
499064
1323289
450291
1775923
403752
193387
1673722
863933
2070654
1191841
401985
1088733
1156188
1414552
1408091
1513432
422508
435288
623268
453686
1087970
1235407
2041892
579593
1441856
1534917
1519191
1793030
1630797
1528240
230922
1271205
1868723
979174
1761748
499558
5367
1637310
1404509
29306
307141
1601957
1284544
184061
1467319
116443
633459
201141
617214
1116779
1285926
2035956
1007315
150208
861066
1052565
206433
1345846
1199605
1119530
1853179
1701315
1442909
988827
1180455
291831
1508743
858470
2047954
1648992
541533
1419740
252329
944331
150003
709899
1479588
1776046
1969815
744134
865753
1705328
759824
353169
146787
1619309
1459540
1512592
1357985
576012
129589
1114395
1805967
92938
1799037
457979
2012064
270644
1076402
2080545
1264372
1113848
1381073
1762642
2576844
633764
56606
1715482
1809149
645465
1469445
797554
934713
1717156
1805904
205429
418512
421115
131173
1752144
1391322
1476196
1755803
1290736
204617
1638083
1792039
558921
1796810
304754
80521
29382
1752437
115742
2136034
1356296
1710630
1148000
907476
251002
946825
1259525
1508018
1010173
1280720
96712
1827962
1235337
445542
624068
1638650
1429873
1447656
643815
1264093
1577258
673512
984004
308901
1746701
1054116
1544206
1734601
859092
411705
1436694
1029083
96057
1401463
427310
1544087
1381784
626487
251827
1570824
1548974
135053
1200811
661152
1340992
1415722
912630
1512920
2256886
287765
521483
2135641
268275
585423
1367929
1844453
261239
1535617
500330
2012733
712381
1455741
752658
2010979
1397230
1051798
167856
228934
574651
405839
1249188
1570631
384273
120158
1849154
1563490
434467
796106
1544842
1356967
1803848
1279362
1491959
1704544
1213996
747064
1583468
1174273
102951
1638086
212784
2486853
741787
2545754
1127595
1070895
404843
398736
1647341
763923
213248
1238579
1616806
938810
1352417
1331032
349219
1398905
1387460
599719
909095
1481061
1466097
136272
1615504
2083753
1132654
1672737
651301
1537383
44010
1199523
118172
632853
1391675
1054829
1945998
1526205
1607441
678243
1733302
887591
2025994
1215183
2074882
1641564
1528978
536027
1844467
63571
388947
1556567
862642
1365621
1114993
1696586
1331725
1358034
331439
1420421
67846
118326
1947191
1034251
393665
990009
1864732
1181879
1204654
1898427
1349517
1038626
1290224
1947943
1357950
1497867
1073055
1580525
370300
1518442
1242947
281808
1487205
343403
1250557
1287697
129669
1070426
1623536
467019
1675835
2576069
432152
795772
1118223
2080419
1684483
1909450
932327
273899
302737
1323285
1819061
1414322
383699
745120
260191
263916
1933907
1029200
758787
1324074
1247814
1223675
140566
596225
322409
475405
1042398
1690013
687920
423442
1656962
1148191
1194851
1256004
1827643
1007176
1515314
287638
1180204
1501842
1442875
2572065
875149
1165597
1762858
1143007
652208
345648
909218
44938
192
232
239
266
285
287
292
293
294
300
301
303
306
316
317
329
354
358
470
471
479
511
512
549
573
599
615
663
670
678
687
876
959
1085
1270
1271
1273
1282
1288
1306
1390
1391
1393
1396
1397
1402
1404
1405
1408
1409
1421
1422
1423
1428
1451
1479
1482
1488
1491
1667
1673
1720
1785
1814
1816
1824
1829
1830
1831
1833
1852
1877
1881
1887
1892
1893
1911
1931
1934
1941
1952
1989
2017
2020
2021
2026
2030
2065
2072
4847
4929
4959
5041
5045
5046
5057
5059
5061
5062
5065
5068
5076
5077
5078
5079
5081
5082
5087
5306
5322
5325
5331
5341
5365
5418
5481
5507
5516
5530
5537
5541
5544
5547
5580
5599
12917
27334
28031
28066
28095
28214
28454
28565
28572
28574
28576
29382
29387
29443
29446
29494
29523
29856
29875
29916
29917
31958
33050
33178
33203
33907
33910
33919
33920
33921
33938
33941
34028
34030
34038
34073
34381
34413
35703
35841
36080
36460
36630
36655
36773
36819
37482
37632
37998
38033
38945
40215
40324
40382
40383
40412
40483
40571
40658
41061
41276
41413
41959
42895
43263
43354
43355
43767
44252
44672
44751
45277
45462
46173
46472
47763
47877
47878
47881
47886
47920
48100
48296
48865
49224
50422
50741
51101
51513
51671
53356
53408
53522
54061
54914
54915
56811
58117
58172
58343
59298
59754
60443
60552
60912
61235
61645
61652
63131
63820
63821
64104
64495
64518
64636
64647
65048
66867
67313
67342
67358
67581
67826
68192
68247
68258
69392
69393
69488
69763
69773
69780
69781
69784
69808
70808
71999
72361
75292
75612
75659
75750
76020
76021
76022
76731
76759
76760
76761
77133
78556
79858
80866
80867
84724
84753
85698
85828
86188
86664
86668
86839
89141
91492
92950
93594
94624
94625
103731
103733
103734
103836
104087
104355
105351
106590
108980
114497
117187
119078
128442
134375
137658
137662
143450
144786
154046
155003
162425
163361
169177
169388
175245
180282
181124
188908
196015
197461
198730
199592
202952
208445
215132
215580
216778
218284
226011
226117
236100
241728
254161
264951
293386
293387
295352
310350
319939
324768
332410
335286
365349
380021
401470
405444
409290
412384
413882
415216
437017
454130
476551
477689
483545
487698
521520
547461
553151
570156
581189
582475
587753
589330
592050
653930
671092
676599
693231
746128
796325
797277
798071
857252
859144
887085
887100
929575
936053
941527
979712
1036739
1105325
1136066
1148157
1407621
1547922
1707700
1707701
1708783
1715220
1715235
1715236
1715253
1755431
1755435
1756125
1758471
1769349
1849494
1869214
1869345
1871049
1871054
1871086
1871184
1871332
1871614
1871618
1871623
1872094
1872122
1872427
1872437
1873897
1882945
1886637
1898440
1902915
1914427
1934310
1934313
1960874
1963841
1970644
1981611
1981612
1982014
2044285
2046025
2046349
2050588
2420204
