192
232
239
266
285
287
292
293
294
300
301
303
306
316
317
329
354
358
470
471
479
511
512
549
573
599
615
663
670
678
687
876
959
1085
1270
1271
1273
1282
1288
1306
1390
1391
1393
1396
1397
1402
1404
1405
1408
1409
1421
1422
1423
1428
1451
1479
1482
1488
1491
1667
1673
1720
1785
1814
1816
1824
1829
1830
1831
1833
1852
1877
1881
1887
1892
1893
1911
1931
1934
1941
1952
1989
2017
2020
2021
2026
2030
2065
2072
4847
4929
4959
5041
5045
5046
5057
5059
5061
5062
5065
5068
5076
5077
5078
5079
5081
5082
5087
5306
5322
5325
5331
5341
5365
5418
5481
5507
5516
5530
5537
5541
5544
5547
5580
5599
12917
27334
28031
28066
28095
28214
28454
28565
28572
28574
28576
29382
29387
29443
29446
29494
29523
29856
29875
29916
29917
31958
33050
33178
33203
33907
33910
33919
33920
33921
33938
33941
34028
34030
34038
34073
34381
34413
35703
35841
36080
36460
36630
36655
36773
36819
37482
37632
37998
38033
38945
40215
40324
40382
40383
40412
40483
40571
40658
41061
41276
41413
41959
42895
43263
43354
43355
43767
44252
44672
44751
45277
45462
46173
46472
47763
47877
47878
47881
47886
47920
48100
48296
48865
49224
50422
50741
51101
51513
51671
53356
53408
53522
54061
54914
54915
56811
58117
58172
58343
59298
59754
60443
60552
60912
61235
61645
61652
63131
63820
63821
64104
64495
64518
64636
64647
65048
66867
67313
67342
67358
67581
67826
68192
68247
68258
69392
69393
69488
69763
69773
69780
69781
69784
69808
70808
71999
72361
75292
75612
75659
75750
76020
76021
76022
76731
76759
76760
76761
77133
78556
79858
80866
80867
84724
84753
85698
85828
86188
86664
86668
86839
89141
91492
92950
93594
94624
94625
103731
103733
103734
103836
104087
104355
105351
106590
108980
114497
117187
119078
128442
134375
137658
137662
143450
144786
154046
155003
162425
163361
169177
169388
175245
180282
181124
188908
196015
197461
198730
199592
202952
208445
215132
215580
216778
218284
226011
226117
236100
241728
254161
264951
293386
293387
295352
310350
319939
324768
332410
335286
365349
380021
401470
405444
409290
412384
413882
415216
437017
454130
476551
477689
483545
487698
521520
547461
553151
570156
581189
582475
587753
589330
592050
653930
671092
676599
693231
746128
796325
797277
798071
857252
859144
887085
887100
929575
936053
941527
979712
1036739
1105325
1136066
1148157
1407621
1547922
1707700
1707701
1708783
1715220
1715235
1715236
1715253
1755431
1755435
1756125
1758471
1769349
1849494
1869214
1869345
1871049
1871054
1871086
1871184
1871332
1871614
1871618
1871623
1872094
1872122
1872427
1872437
1873897
1882945
1886637
1898440
1902915
1914427
1934310
1934313
1960874
1963841
1970644
1981611
1981612
1982014
2044285
2046025
2046349
2050588
2420204
