DATASET_BINARY
SEPARATOR COMMA
DATASET_LABEL,PHB
COLOR,#086CB0
FIELD_SHAPES,1
FIELD_LABELS,f1
DATA
232,0
239,0
285,1
287,1
292,0
294,1
300,1
303,1
306,1
316,1
317,0
329,1
358,0
470,0
471,0
479,0
511,1
512,1
549,0
573,0
615,0
663,0
670,0
959,0
1270,0
1271,0
1273,0
1282,0
1288,0
1306,0
1390,0
1391,0
1393,0
1396,0
1397,0
1402,1
1404,1
1405,0
1408,0
1409,1
1421,0
1422,0
1423,1
1428,0
1451,0
1479,0
1482,0
1488,0
1491,0
1667,0
1673,0
1720,0
1785,0
1814,0
1816,1
1824,0
1829,0
1830,0
1831,1
1833,0
1852,0
1877,0
1881,0
1911,0
1931,1
1934,0
1941,0
1952,0
1989,0
2017,0
2021,0
2026,0
2030,0
2065,1
2072,0
4929,1
4959,1
5045,0
5057,0
5059,1
5061,1
5062,0
5065,1
5068,0
5076,0
5078,0
5079,1
5081,1
5082,0
5087,1
5306,0
5322,0
5325,0
5331,1
5341,0
5365,0
5418,0
5481,0
5507,1
5516,0
5530,1
5544,1
5547,0
5580,1
5599,1
5791,0
12917,0
28031,0
28066,0
28095,0
28454,0
28565,0
28572,1
28574,1
28576,0
29382,0
29387,0
29443,1
29446,0
29856,0
29875,0
29916,1
29917,0
31958,1
33178,0
33203,1
33907,0
33910,1
33919,0
33920,0
33921,0
33938,0
33941,0
34028,0
34030,0
34038,0
34073,1
34381,0
35703,0
35841,0
36080,0
36460,0
36630,0
36773,0
36819,1
37482,0
37632,1
37998,0
38033,0
40215,0
40324,0
40382,1
40383,0
40412,0
40571,0
41061,0
41413,0
41959,1
42190,0
42895,1
43263,0
43354,0
43355,0
44252,0
44751,0
45245,1
45277,0
45462,0
46173,0
46472,0
47763,1
47877,0
47878,0
47881,0
47886,1
47920,0
48100,0
48296,0
48865,0
50422,1
51101,0
51671,0
53356,0
53408,0
53522,0
54061,0
54914,0
54915,0
56811,0
58117,1
58172,1
58343,1
60443,0
60552,0
60912,0
61235,1
61645,0
61652,0
63131,0
63820,1
63821,1
64104,1
64518,0
64636,1
64647,1
65048,0
66867,1
67313,1
67342,1
67581,0
68192,1
69392,1
69393,0
69488,1
69763,1
69773,0
69780,1
69781,0
69784,1
69808,0
71999,0
72361,0
75292,0
75659,0
75750,0
76020,1
76021,0
76022,0
76731,0
76759,0
76760,0
76761,0
78556,0
79858,0
80866,1
80867,0
84724,0
84753,0
85698,0
85828,0
86664,0
86839,1
89141,1
93594,1
94624,0
94625,0
103731,0
103733,0
103734,0
105351,0
106590,0
108980,0
114497,0
117187,0
119078,1
128442,1
137658,0
137662,0
143450,1
155003,1
162425,0
169177,0
169388,1
180282,0
181124,0
198730,0
199592,0
202952,0
208445,1
215132,0
215580,1
226011,0
226117,0
254161,0
264951,0
293386,0
293387,0
295352,1
310350,0
319939,0
324768,1
332410,0
335286,0
380021,0
401470,0
405444,0
409290,1
412384,1
415216,1
437017,0
454130,0
476551,1
477689,0
521520,0
547461,0
570156,0
587753,0
589330,0
592050,0
671092,0
676599,0
693231,0
746128,1
798071,0
859144,0
929575,0
936053,0
979712,1
1105325,0
1136066,0
1148157,0
1407621,1
1547922,0
1707700,1
1707701,0
1715220,0
1715235,1
1715236,1
1715253,0
1755431,0
1755435,0
1769349,0
1836197,0
1849494,0
1869214,0
1871049,0
1871184,0
1871332,0
1871614,1
1871618,1
1871623,0
1872122,0
1872427,1
1872437,0
1873897,0
1882945,0
1886637,0
1898440,0
1902915,0
1914427,0
1934313,0
1960874,0
1963841,0
1970644,1
1981611,0
1981612,1
1982014,1
2044285,0
2046025,1